0.000000000000000000e+00 1.000000000000000000e+03 0.000000000000000000e+00 1.000000000000000000e+03 2.500000000000000000e+00 1.183215957000000040e+00
2.004008016000000201e-03 1.000000000000000000e+03 0.000000000000000000e+00 1.000000000000000000e+03 2.500000000000000000e+00 1.183215957000000040e+00
4.008016032000000402e-03 1.000000000000000000e+03 0.000000000000000000e+00 1.000000000000000000e+03 2.500000000000000000e+00 1.183215957000000040e+00
6.012024048000000169e-03 1.000000000000000000e+03 0.000000000000000000e+00 1.000000000000000000e+03 2.500000000000000000e+00 1.183215957000000040e+00
8.016032064000000804e-03 1.000000000000000000e+03 0.000000000000000000e+00 1.000000000000000000e+03 2.500000000000000000e+00 1.183215957000000040e+00
1.002004008000000057e-02 1.000000000000000000e+03 0.000000000000000000e+00 1.000000000000000000e+03 2.500000000000000000e+00 1.183215957000000040e+00
1.202404810000000032e-02 1.000000000000000000e+03 0.000000000000000000e+00 1.000000000000000000e+03 2.500000000000000000e+00 1.183215957000000040e+00
1.402805610999999925e-02 1.000000000000000000e+03 0.000000000000000000e+00 1.000000000000000000e+03 2.500000000000000000e+00 1.183215957000000040e+00
1.603206412999999900e-02 1.000000000000000000e+03 0.000000000000000000e+00 1.000000000000000000e+03 2.500000000000000000e+00 1.183215957000000040e+00
1.803607214000000139e-02 1.000000000000000000e+03 0.000000000000000000e+00 1.000000000000000000e+03 2.500000000000000000e+00 1.183215957000000040e+00
2.004008016000000114e-02 1.000000000000000000e+03 0.000000000000000000e+00 1.000000000000000000e+03 2.500000000000000000e+00 1.183215957000000040e+00
2.204408818000000089e-02 1.000000000000000000e+03 0.000000000000000000e+00 1.000000000000000000e+03 2.500000000000000000e+00 1.183215957000000040e+00
2.404809618999999982e-02 1.000000000000000000e+03 0.000000000000000000e+00 1.000000000000000000e+03 2.500000000000000000e+00 1.183215957000000040e+00
2.605210420999999957e-02 1.000000000000000000e+03 0.000000000000000000e+00 1.000000000000000000e+03 2.500000000000000000e+00 1.183215957000000040e+00
2.805611221999999849e-02 1.000000000000000000e+03 0.000000000000000000e+00 1.000000000000000000e+03 2.500000000000000000e+00 1.183215957000000040e+00
3.006012024000000171e-02 1.000000000000000000e+03 0.000000000000000000e+00 1.000000000000000000e+03 2.500000000000000000e+00 1.183215957000000040e+00
3.206412825999999799e-02 1.000000000000000000e+03 0.000000000000000000e+00 1.000000000000000000e+03 2.500000000000000000e+00 1.183215957000000040e+00
3.406813627000000039e-02 1.000000000000000000e+03 0.000000000000000000e+00 1.000000000000000000e+03 2.500000000000000000e+00 1.183215957000000040e+00
3.607214428999999667e-02 1.000000000000000000e+03 0.000000000000000000e+00 1.000000000000000000e+03 2.500000000000000000e+00 1.183215957000000040e+00
3.807615229999999906e-02 1.000000000000000000e+03 0.000000000000000000e+00 1.000000000000000000e+03 2.500000000000000000e+00 1.183215957000000040e+00
4.008016032000000228e-02 1.000000000000000000e+03 0.000000000000000000e+00 1.000000000000000000e+03 2.500000000000000000e+00 1.183215957000000040e+00
4.208416833999999856e-02 1.000000000000000000e+03 0.000000000000000000e+00 1.000000000000000000e+03 2.500000000000000000e+00 1.183215957000000040e+00
4.408817635000000096e-02 1.000000000000000000e+03 0.000000000000000000e+00 1.000000000000000000e+03 2.500000000000000000e+00 1.183215957000000040e+00
4.609218436999999724e-02 1.000000000000000000e+03 0.000000000000000000e+00 1.000000000000000000e+03 2.500000000000000000e+00 1.183215957000000040e+00
4.809619237999999963e-02 1.000000000000000000e+03 0.000000000000000000e+00 1.000000000000000000e+03 2.500000000000000000e+00 1.183215957000000040e+00
5.010020040000000285e-02 1.000000000000000000e+03 0.000000000000000000e+00 1.000000000000000000e+03 2.500000000000000000e+00 1.183215957000000040e+00
5.210420841999999914e-02 1.000000000000000000e+03 0.000000000000000000e+00 1.000000000000000000e+03 2.500000000000000000e+00 1.183215957000000040e+00
5.410821643000000153e-02 1.000000000000000000e+03 0.000000000000000000e+00 1.000000000000000000e+03 2.500000000000000000e+00 1.183215957000000040e+00
5.611222444999999781e-02 1.000000000000000000e+03 0.000000000000000000e+00 1.000000000000000000e+03 2.500000000000000000e+00 1.183215957000000040e+00
5.811623246000000020e-02 1.000000000000000000e+03 0.000000000000000000e+00 1.000000000000000000e+03 2.500000000000000000e+00 1.183215957000000040e+00
6.012024048000000342e-02 1.000000000000000000e+03 0.000000000000000000e+00 1.000000000000000000e+03 2.500000000000000000e+00 1.183215957000000040e+00
6.212424849999999971e-02 1.000000000000000000e+03 0.000000000000000000e+00 1.000000000000000000e+03 2.500000000000000000e+00 1.183215957000000040e+00
6.412825650999999516e-02 1.000000000000000000e+03 0.000000000000000000e+00 1.000000000000000000e+03 2.500000000000000000e+00 1.183215957000000040e+00
6.613226452999999838e-02 1.000000000000000000e+03 0.000000000000000000e+00 1.000000000000000000e+03 2.500000000000000000e+00 1.183215957000000040e+00
6.813627255000000160e-02 1.000000000000000000e+03 0.000000000000000000e+00 1.000000000000000000e+03 2.500000000000000000e+00 1.183215957000000040e+00
7.014028056000000400e-02 1.000000000000000000e+03 0.000000000000000000e+00 1.000000000000000000e+03 2.500000000000000000e+00 1.183215957000000040e+00
7.214428857999999334e-02 1.000000000000000000e+03 0.000000000000000000e+00 1.000000000000000000e+03 2.500000000000000000e+00 1.183215957000000040e+00
7.414829658999999573e-02 1.000000000000000000e+03 0.000000000000000000e+00 1.000000000000000000e+03 2.500000000000000000e+00 1.183215957000000040e+00
7.615230460999999895e-02 1.000000000000000000e+03 0.000000000000000000e+00 1.000000000000000000e+03 2.500000000000000000e+00 1.183215957000000040e+00
7.815631263000000217e-02 1.000000000000000000e+03 0.000000000000000000e+00 1.000000000000000000e+03 2.500000000000000000e+00 1.183215957000000040e+00
8.016032064000000457e-02 1.000000000000000000e+03 0.000000000000000000e+00 1.000000000000000000e+03 2.500000000000000000e+00 1.183215957000000040e+00
8.216432865999999391e-02 1.000000000000000000e+03 0.000000000000000000e+00 1.000000000000000000e+03 2.500000000000000000e+00 1.183215957000000040e+00
8.416833666999999630e-02 1.000000000000000000e+03 0.000000000000000000e+00 1.000000000000000000e+03 2.500000000000000000e+00 1.183215957000000040e+00
8.617234468999999952e-02 1.000000000000000000e+03 0.000000000000000000e+00 1.000000000000000000e+03 2.500000000000000000e+00 1.183215957000000040e+00
8.817635271000000274e-02 1.000000000000000000e+03 0.000000000000000000e+00 1.000000000000000000e+03 2.500000000000000000e+00 1.183215957000000040e+00
9.018036072000000514e-02 1.000000000000000000e+03 0.000000000000000000e+00 1.000000000000000000e+03 2.500000000000000000e+00 1.183215957000000040e+00
9.218436873999999448e-02 1.000000000000000000e+03 0.000000000000000000e+00 1.000000000000000000e+03 2.500000000000000000e+00 1.183215957000000040e+00
9.418837674999999687e-02 1.000000000000000000e+03 0.000000000000000000e+00 1.000000000000000000e+03 2.500000000000000000e+00 1.183215957000000040e+00
9.619238477000000009e-02 1.000000000000000000e+03 0.000000000000000000e+00 1.000000000000000000e+03 2.500000000000000000e+00 1.183215957000000040e+00
9.819639279000000331e-02 1.000000000000000000e+03 0.000000000000000000e+00 1.000000000000000000e+03 2.500000000000000000e+00 1.183215957000000040e+00
1.002004008000000057e-01 1.000000000000000000e+03 0.000000000000000000e+00 1.000000000000000000e+03 2.500000000000000000e+00 1.183215957000000040e+00
1.022044087999999934e-01 1.000000000000000000e+03 0.000000000000000000e+00 1.000000000000000000e+03 2.500000000000000000e+00 1.183215957000000040e+00
1.042084167999999950e-01 1.000000000000000000e+03 0.000000000000000000e+00 1.000000000000000000e+03 2.500000000000000000e+00 1.183215957000000040e+00
1.062124247999999965e-01 1.000000000000000000e+03 0.000000000000000000e+00 1.000000000000000000e+03 2.500000000000000000e+00 1.183215957000000040e+00
1.082164329000000064e-01 1.000000000000000000e+03 0.000000000000000000e+00 1.000000000000000000e+03 2.500000000000000000e+00 1.183215957000000040e+00
1.102204408999999941e-01 1.000000000000000000e+03 0.000000000000000000e+00 1.000000000000000000e+03 2.500000000000000000e+00 1.183215957000000040e+00
1.122244488999999956e-01 1.000000000000000000e+03 0.000000000000000000e+00 1.000000000000000000e+03 2.500000000000000000e+00 1.183215957000000040e+00
1.142284568999999972e-01 1.000000000000000000e+03 0.000000000000000000e+00 1.000000000000000000e+03 2.500000000000000000e+00 1.183215957000000040e+00
1.162324648999999988e-01 1.000000000000000000e+03 0.000000000000000000e+00 1.000000000000000000e+03 2.500000000000000000e+00 1.183215957000000040e+00
1.182364729000000003e-01 1.000000000000000000e+03 0.000000000000000000e+00 1.000000000000000000e+03 2.500000000000000000e+00 1.183215957000000040e+00
1.202404809999999963e-01 1.000000000000000000e+03 0.000000000000000000e+00 1.000000000000000000e+03 2.500000000000000000e+00 1.183215957000000040e+00
1.222444889999999978e-01 1.000000000000000000e+03 0.000000000000000000e+00 1.000000000000000000e+03 2.500000000000000000e+00 1.183215957000000040e+00
1.242484969999999994e-01 9.918993240999999443e+02 9.616058260999999635e-03 9.886774574999999459e+02 2.491879551999999887e+00 1.181292744999999922e+00
1.262525049999999871e-01 9.825861062999999831e+02 2.074943612999999992e-02 9.757057548000000224e+02 2.482494278999999970e+00 1.179066069000000105e+00
1.282565129999999887e-01 9.733429756000000452e+02 3.188281399000000155e-02 9.628802052999999432e+02 2.473126712000000005e+00 1.176839393999999928e+00
1.302605209999999902e-01 9.641695359000000281e+02 4.301619185999999706e-02 9.501994340999999622e+02 2.463776853000000155e+00 1.174612717999999889e+00
1.322645291000000001e-01 9.550653922999999850e+02 5.414956972999999951e-02 9.376620768000000226e+02 2.454444701999999978e+00 1.172386042999999933e+00
1.342685371000000016e-01 9.460301514000000225e+02 6.528294760000000196e-02 9.252667791999999736e+02 2.445130257999999834e+00 1.170159366999999895e+00
1.362725451000000032e-01 9.370634214000000384e+02 7.641632546000000359e-02 9.130121973999999909e+02 2.435833521000000168e+00 1.167932691999999939e+00
1.382765531000000048e-01 9.281648119999999835e+02 8.754970333000000604e-02 9.008969975999999633e+02 2.426554492000000174e+00 1.165706015999999901e+00
1.402805611000000063e-01 9.193339342000000443e+02 9.868308119999999461e-02 8.889198562000000265e+02 2.417293170999999852e+00 1.163479340000000084e+00
1.422845691000000079e-01 9.105704005999999708e+02 1.098164590999999995e-01 8.770794597000000294e+02 2.408049555999999924e+00 1.161252664999999906e+00
1.442885771999999900e-01 9.018738253999999870e+02 1.209498368999999962e-01 8.653745044999999436e+02 2.398823649000000113e+00 1.159025989000000090e+00
1.462925851999999916e-01 8.932438241999999491e+02 1.320832147999999873e-01 8.538036971999999878e+02 2.389615449999999974e+00 1.156799313999999912e+00
1.482965931999999931e-01 8.846800138999999490e+02 1.432165927000000061e-01 8.423657540000000381e+02 2.380424957999999869e+00 1.154572638000000095e+00
1.503006011999999947e-01 8.761820129999999835e+02 1.543499704999999889e-01 8.310594012000000248e+02 2.371252173999999879e+00 1.152345962999999918e+00
1.523046091999999962e-01 8.677494415999999546e+02 1.654833484000000077e-01 8.198833746999999903e+02 2.362097096999999923e+00 1.150119287000000101e+00
1.543086171999999978e-01 8.593819210999999996e+02 1.766167262999999987e-01 8.088364202999999861e+02 2.352959727000000001e+00 1.147892611000000063e+00
1.563126253000000077e-01 8.510790743999999677e+02 1.877501041000000093e-01 7.979172932999999830e+02 2.343840065000000195e+00 1.145665936000000107e+00
1.583166333000000092e-01 8.428405258999999887e+02 1.988834820000000003e-01 7.871247587000000294e+02 2.334738109999999978e+00 1.143439260000000068e+00
1.603206413000000108e-01 8.346659014000000525e+02 2.100168598999999914e-01 7.764575912000000244e+02 2.325653862999999877e+00 1.141212584999999891e+00
1.623246493000000124e-01 8.265548281000000088e+02 2.211502377000000019e-01 7.659145747999999685e+02 2.316587322999999810e+00 1.138985909000000074e+00
1.643286572999999862e-01 8.185069349000000329e+02 2.322836155999999930e-01 7.554945030000000088e+02 2.307538490999999858e+00 1.136759233999999896e+00
1.663326652999999877e-01 8.105218518000000358e+02 2.434169935000000118e-01 7.451961787000000186e+02 2.298507365999999941e+00 1.134532558000000080e+00
1.683366732999999893e-01 8.025992105999999922e+02 2.545503713000000223e-01 7.350184143000000176e+02 2.289493949000000139e+00 1.132305882000000041e+00
1.703406813999999991e-01 7.947386443000000327e+02 2.656837491999999856e-01 7.249600312999999687e+02 2.280498238999999927e+00 1.130079207000000086e+00
1.723446894000000007e-01 7.869397873000000345e+02 2.768171271000000044e-01 7.150198605000000498e+02 2.271520236000000192e+00 1.127852531000000047e+00
1.743486974000000023e-01 7.792022756999999729e+02 2.879505049000000150e-01 7.051967419000000064e+02 2.262559941000000130e+00 1.125625856000000091e+00
1.763527054000000038e-01 7.715257467999999790e+02 2.990838827999999783e-01 6.954895245999999815e+02 2.253617353000000101e+00 1.123399180000000053e+00
1.783567134000000054e-01 7.639098394999999755e+02 3.102172606999999971e-01 6.858970666000000165e+02 2.244692473000000188e+00 1.121172504000000014e+00
1.803607214000000070e-01 7.563541939000000411e+02 3.213506385000000076e-01 6.764182352999999921e+02 2.235785299999999864e+00 1.118945829000000058e+00
1.823647294999999890e-01 7.488584518000000116e+02 3.324840164000000264e-01 6.670519067999999834e+02 2.226895835000000101e+00 1.116719153000000020e+00
1.843687374999999906e-01 7.414222561999999925e+02 3.436173942999999897e-01 6.577969660999999633e+02 2.218024076999999927e+00 1.114492478000000064e+00
1.863727454999999922e-01 7.340452516999999943e+02 3.547507721000000003e-01 6.486523071999999956e+02 2.209170025999999787e+00 1.112265802000000026e+00
1.883767534999999937e-01 7.267270840999999564e+02 3.658841500000000191e-01 6.396168327000000318e+02 2.200333683000000207e+00 1.110039127000000070e+00
1.903807614999999953e-01 7.194674009000000297e+02 3.770175278999999824e-01 6.306894542000000001e+02 2.191515047999999855e+00 1.107812451000000031e+00
1.923847694999999969e-01 7.122658507999999529e+02 3.881509056999999929e-01 6.218690917999999783e+02 2.182714119999999980e+00 1.105585774999999993e+00
1.943887776000000067e-01 7.051220839999999725e+02 3.992842836000000117e-01 6.131546743000000106e+02 2.173930899000000139e+00 1.103359100000000037e+00
1.963927856000000083e-01 6.980357520000000022e+02 4.104176614999999750e-01 6.045451391999999942e+02 2.165165385999999970e+00 1.101132423999999999e+00
1.983967936000000098e-01 6.910065077000000429e+02 4.215510392999999856e-01 5.960394324000000097e+02 2.156417579999999834e+00 1.098905749000000043e+00
2.004008016000000114e-01 6.840340056999999661e+02 4.326844172000000044e-01 5.876365082999999458e+02 2.147687481000000176e+00 1.096679073000000004e+00
2.024048096000000130e-01 6.771179015999999820e+02 4.438177951000000232e-01 5.793353299000000334e+02 2.138975090000000190e+00 1.094452398000000048e+00
2.044088175999999868e-01 6.702578525999999783e+02 4.549511728999999782e-01 5.711348683999999594e+02 2.130280406999999876e+00 1.092225722000000010e+00
2.064128256999999966e-01 6.634535174000000097e+02 4.660845507999999970e-01 5.630341035000000147e+02 2.121603431000000040e+00 1.089999045999999971e+00
2.084168336999999982e-01 6.567045557000000144e+02 4.772179287000000159e-01 5.550320229000000154e+02 2.112944161999999793e+00 1.087772371000000016e+00
2.104208416999999998e-01 6.500106290999999601e+02 4.883513065000000264e-01 5.471276229999999714e+02 2.104302601000000106e+00 1.085545694999999977e+00
2.124248497000000013e-01 6.433714000999999598e+02 4.994846843999999897e-01 5.393199078999999756e+02 2.095678747000000008e+00 1.083319020000000021e+00
2.144288577000000029e-01 6.367865328999999974e+02 5.106180622999999530e-01 5.316078903000000082e+02 2.087072601000000027e+00 1.081092343999999983e+00
2.164328657000000045e-01 6.302556929999999511e+02 5.217514400999999635e-01 5.239905905000000530e+02 2.078484162000000079e+00 1.078865669000000027e+00
2.184368737000000060e-01 6.237785473000000138e+02 5.328848179999999823e-01 5.164670372000000498e+02 2.069913430999999804e+00 1.076638992999999989e+00
2.204408817999999881e-01 6.173547638999999663e+02 5.440181959000000012e-01 5.090362668999999869e+02 2.061360407000000006e+00 1.074412316999999950e+00
2.224448897999999897e-01 6.109840124999999489e+02 5.551515737000000117e-01 5.016973242999999911e+02 2.052825089999999797e+00 1.072185641999999994e+00
2.244488977999999912e-01 6.046659640000000309e+02 5.662849516000000305e-01 4.944492614999999773e+02 2.044307481000000148e+00 1.069958965999999956e+00
2.264529057999999928e-01 5.984002907000000278e+02 5.774183295000000493e-01 4.872911389999999869e+02 2.035807580000000172e+00 1.067732291000000000e+00
2.284569137999999944e-01 5.921866664000000355e+02 5.885517072999999488e-01 4.802220247000000199e+02 2.027325385999999785e+00 1.065505614999999962e+00
2.304609217999999959e-01 5.860247659999999996e+02 5.996850851999999676e-01 4.732409943999999768e+02 2.018860898999999876e+00 1.063278940000000006e+00
2.324649299000000058e-01 5.799142660999999634e+02 6.108184630999999865e-01 4.663471314999999890e+02 2.010414120000000082e+00 1.061052263999999967e+00
2.344689379000000073e-01 5.738548442999999679e+02 6.219518408999999970e-01 4.595395270999999866e+02 2.001985047999999878e+00 1.058825587999999929e+00
2.364729459000000089e-01 5.678461796999999933e+02 6.330852188000000158e-01 4.528172799999999825e+02 1.993573682999999930e+00 1.056598912999999973e+00
2.384769539000000105e-01 5.618879527999999937e+02 6.442185967000000346e-01 4.461794964000000050e+02 1.985180026000000097e+00 1.054372236999999934e+00
2.404809619000000120e-01 5.559798454000000447e+02 6.553519745000000452e-01 4.396252900000000068e+02 1.976804076999999937e+00 1.052145561999999979e+00
2.424849699000000136e-01 5.501215406999999686e+02 6.664853523999999529e-01 4.331537822000000233e+02 1.968445835000000033e+00 1.049918885999999940e+00
2.444889779999999957e-01 5.443127230000000054e+02 6.776187302999999718e-01 4.267641012999999930e+02 1.960105299999999939e+00 1.047692210999999984e+00
2.464929859999999973e-01 5.385530783000000383e+02 6.887521080999999823e-01 4.204553836000000047e+02 1.951782472999999962e+00 1.045465534999999946e+00
2.484969939999999988e-01 5.328422935999999481e+02 6.998854860000000011e-01 4.142267722000000276e+02 1.943477353000000019e+00 1.043238858999999907e+00
2.505010019999999726e-01 5.271800574000000097e+02 7.110188639000000199e-01 4.080774177000000122e+02 1.935189940999999969e+00 1.041012183999999952e+00
2.525050099999999742e-01 5.215660596000000169e+02 7.221522417000000305e-01 4.020064778999999930e+02 1.926920235999999953e+00 1.038785507999999913e+00
2.545090179999999758e-01 5.159999911999999540e+02 7.332856196000000493e-01 3.960131177000000093e+02 1.918668239000000053e+00 1.036558832999999957e+00
2.565130260999999856e-01 5.104815446999999722e+02 7.444189974999999571e-01 3.900965092999999797e+02 1.910433948999999965e+00 1.034332156999999919e+00
2.585170340999999872e-01 5.050104139000000032e+02 7.555523752999999676e-01 3.842558318000000099e+02 1.902217365999999910e+00 1.032105481999999963e+00
2.605210420999999887e-01 4.995862938000000213e+02 7.666857531999999864e-01 3.784902713000000176e+02 1.894018490999999971e+00 1.029878805999999924e+00
2.625250500999999903e-01 4.942088807999999744e+02 7.778191311000000052e-01 3.727990212000000270e+02 1.885837323000000065e+00 1.027652130000000108e+00
2.645290580999999919e-01 4.888778727000000117e+02 7.889525089000000158e-01 3.671812815999999771e+02 1.877673863000000054e+00 1.025425454999999930e+00
2.665330660999999934e-01 4.835929684000000179e+02 8.000858868000000346e-01 3.616362593999999717e+02 1.869528110000000076e+00 1.023198778999999892e+00
2.685370740999999950e-01 4.783538682999999878e+02 8.112192647000000534e-01 3.561631686000000059e+02 1.861400064999999993e+00 1.020972103999999936e+00
2.705410822000000048e-01 4.731602738999999929e+02 8.223526424999999529e-01 3.507612300000000118e+02 1.853289726999999942e+00 1.018745427999999897e+00
2.725450902000000064e-01 4.680118881999999871e+02 8.334860203999999717e-01 3.454296709999999848e+02 1.845197097000000008e+00 1.016518752999999942e+00
2.745490982000000080e-01 4.629084154000000240e+02 8.446193982999999905e-01 3.401677258000000279e+02 1.837122174000000108e+00 1.014292076999999903e+00
2.765531062000000095e-01 4.578495609999999942e+02 8.557527761000000011e-01 3.349746352999999885e+02 1.829064958000000019e+00 1.012065401000000087e+00
2.785571142000000111e-01 4.528350318000000243e+02 8.668861540000000199e-01 3.298496471000000270e+02 1.821025450000000045e+00 1.009838725999999909e+00
2.805611222000000127e-01 4.478645357999999987e+02 8.780195319000000387e-01 3.247920151999999803e+02 1.813003649999999967e+00 1.007612050000000092e+00
2.825651303000000225e-01 4.429377825000000257e+02 8.891529097000000492e-01 3.198010004000000208e+02 1.804999556000000061e+00 1.005385374999999915e+00
2.845691383000000241e-01 4.380544825000000060e+02 9.002862875999999570e-01 3.148758697999999754e+02 1.797013170999999909e+00 1.003158699000000098e+00
2.865731463000000256e-01 4.332143477000000189e+02 9.114196654999999758e-01 3.100158971000000179e+02 1.789044491999999931e+00 1.000932023999999920e+00
2.885771543000000272e-01 4.284170912000000158e+02 9.225530432999999864e-01 3.052203622999999766e+02 1.781093521000000068e+00 9.987053479999999928e-01
2.905811622999999733e-01 4.236624277000000234e+02 9.336864212000000052e-01 3.004885517999999820e+02 1.773160258000000100e+00 9.964786723999999873e-01
2.925851702999999748e-01 4.189500727999999867e+02 9.448197991000000240e-01 2.958197584999999776e+02 1.765244701999999943e+00 9.942519967999999819e-01
2.945891783999999847e-01 4.142797434999999950e+02 9.559531769000000345e-01 2.912132814999999937e+02 1.757346853999999903e+00 9.920253211999999765e-01
2.965931863999999862e-01 4.096511580999999751e+02 9.670865548000000533e-01 2.866684258999999884e+02 1.749466712000000035e+00 9.897986456999999794e-01
2.985971943999999878e-01 4.050640361999999755e+02 9.782199326999999611e-01 2.821845033999999828e+02 1.741604278999999922e+00 9.875719700999999739e-01
3.006012023999999894e-01 4.005180985000000078e+02 9.893533104999999717e-01 2.777608316999999829e+02 1.733759553000000064e+00 9.853452944999999685e-01
3.026052103999999909e-01 3.960130671000000007e+02 1.000486688000000068e+00 2.733967344999999796e+02 1.725932534000000018e+00 9.831186188999999631e-01
3.046092183999999925e-01 3.915486654000000044e+02 1.011620066000000095e+00 2.690915418999999815e+02 1.718123222000000005e+00 9.808919433999999660e-01
3.066132265000000023e-01 3.871246178000000100e+02 1.022753443999999901e+00 2.648445896999999718e+02 1.710331618999999970e+00 9.786652677999999606e-01
3.086172345000000039e-01 3.827406502000000046e+02 1.033886821999999928e+00 2.606552197999999976e+02 1.702557722000000107e+00 9.764385921999999551e-01
3.106212425000000055e-01 3.783964895999999953e+02 1.045020199999999955e+00 2.565227803000000222e+02 1.694801532999999916e+00 9.742119165999999497e-01
3.126252505000000070e-01 3.740918642999999975e+02 1.056153577999999982e+00 2.524466248999999891e+02 1.687063052000000063e+00 9.719852410999999526e-01
3.146292585000000086e-01 3.698265038999999774e+02 1.067286956000000009e+00 2.484261132999999973e+02 1.679342276999999939e+00 9.697585654999999472e-01
3.166332665000000102e-01 3.656001390999999785e+02 1.078420332999999953e+00 2.444606111999999882e+02 1.671639211000000014e+00 9.675318899000000528e-01
3.186372745000000117e-01 3.614125020000000177e+02 1.089553710999999980e+00 2.405494898000000035e+02 1.663953851999999900e+00 9.653052143999999446e-01
3.206412826000000216e-01 3.572633255999999733e+02 1.100687089000000007e+00 2.366921264000000065e+02 1.656286200000000042e+00 9.630785388000000502e-01
3.226452906000000231e-01 3.531523445999999922e+02 1.111820467000000034e+00 2.328879035999999871e+02 1.648636254999999995e+00 9.608518632000000448e-01
3.246492986000000247e-01 3.490792946000000256e+02 1.122953845000000062e+00 2.291362100999999996e+02 1.641004018999999925e+00 9.586251876000000394e-01
3.266533066000000263e-01 3.450439124999999763e+02 1.134087223000000089e+00 2.254364400000000046e+02 1.633389489000000028e+00 9.563985121000000422e-01
3.286573145999999723e-01 3.410459364000000164e+02 1.145220600999999894e+00 2.217879930000000002e+02 1.625792667000000025e+00 9.541718365000000368e-01
3.306613225999999739e-01 3.370851056999999855e+02 1.156353978999999921e+00 2.181902746000000093e+02 1.618213552000000055e+00 9.519451609000000314e-01
3.326653306999999837e-01 3.331611609999999928e+02 1.167487356000000087e+00 2.146426955000000021e+02 1.610652144999999980e+00 9.497184853000000260e-01
3.346693386999999853e-01 3.292738438999999744e+02 1.178620733999999892e+00 2.111446720000000141e+02 1.603108446000000020e+00 9.474918098000000288e-01
3.366733466999999869e-01 3.254228974999999764e+02 1.189754111999999919e+00 2.076956260999999984e+02 1.595582453000000012e+00 9.452651342000000234e-01
3.386773546999999884e-01 3.216080660000000080e+02 1.200887489999999946e+00 2.042949848000000088e+02 1.588074168999999980e+00 9.430384586000000180e-01
3.406813626999999900e-01 3.178290946999999846e+02 1.212020867999999973e+00 2.009421807999999885e+02 1.580583590999999899e+00 9.408117830000000126e-01
3.426853706999999916e-01 3.140857303000000229e+02 1.223154246000000001e+00 1.976366519000000039e+02 1.573110720999999934e+00 9.385851075000000154e-01
3.446893788000000014e-01 3.103777203999999870e+02 1.234287624000000028e+00 1.943778413000000000e+02 1.565655559000000085e+00 9.363584319000000100e-01
3.466933868000000030e-01 3.067048141000000214e+02 1.245421000999999972e+00 1.911651975999999991e+02 1.558218104000000048e+00 9.341317563000000046e-01
3.486973948000000045e-01 3.030667616000000066e+02 1.256554378999999999e+00 1.879981742999999881e+02 1.550798356000000044e+00 9.319050808000000075e-01
3.507014028000000061e-01 2.994633142000000134e+02 1.267687757000000026e+00 1.848762303999999972e+02 1.543396315999999935e+00 9.296784052000000020e-01
3.527054108000000077e-01 2.958942243999999846e+02 1.278821135000000053e+00 1.817988297999999929e+02 1.536011983000000081e+00 9.274517295999999966e-01
3.547094188000000092e-01 2.923592459000000190e+02 1.289954513000000080e+00 1.787654416999999967e+02 1.528645357999999899e+00 9.252250539999999912e-01
3.567134269000000191e-01 2.888581338000000187e+02 1.301087891000000107e+00 1.757755402999999887e+02 1.521296439999999972e+00 9.229983784999999941e-01
3.587174349000000206e-01 2.853906438999999864e+02 1.312221268999999912e+00 1.728286046999999996e+02 1.513965229999999940e+00 9.207717028999999886e-01
3.607214429000000222e-01 2.819565337000000227e+02 1.323354646999999940e+00 1.699241193999999950e+02 1.506651726999999941e+00 9.185450272999999832e-01
3.627254509000000238e-01 2.785555613999999878e+02 1.334488024000000106e+00 1.670615732999999921e+02 1.499355932000000058e+00 9.163183516999999778e-01
3.647294589000000253e-01 2.751874867999999879e+02 1.345621401999999911e+00 1.642404606999999999e+02 1.492077843999999986e+00 9.140916761999999807e-01
3.667334669000000269e-01 2.718520705000000248e+02 1.356754779999999938e+00 1.614602806000000044e+02 1.484817462999999949e+00 9.118650005999999753e-01
3.687374748999999730e-01 2.685490745000000175e+02 1.367888157999999965e+00 1.587205369000000132e+02 1.477574790000000027e+00 9.096383249999999698e-01
3.707414829999999828e-01 2.652782617999999957e+02 1.379021535999999992e+00 1.560207382000000109e+02 1.470349823999999916e+00 9.074116493999999644e-01
3.727454909999999844e-01 2.620393966999999975e+02 1.390154914000000019e+00 1.533603980999999976e+02 1.463142565999999922e+00 9.051849738999999673e-01
3.747494989999999859e-01 2.588322446999999897e+02 1.401288292000000046e+00 1.507390348000000131e+02 1.455953014999999962e+00 9.029582982999999619e-01
3.767535069999999875e-01 2.556565721000000053e+02 1.412421668999999991e+00 1.481561711999999886e+02 1.448781171999999895e+00 9.007316226999999564e-01
3.787575149999999891e-01 2.525121468000000107e+02 1.423555047000000018e+00 1.456113350999999909e+02 1.441627036000000084e+00 8.985049470999999510e-01
3.807615229999999906e-01 2.493987375000000100e+02 1.434688425000000045e+00 1.431040586000000019e+02 1.434490607000000084e+00 8.962782715999999539e-01
3.827655311000000005e-01 2.463161143000000095e+02 1.445821803000000072e+00 1.406338786999999968e+02 1.427371885999999979e+00 8.940515959999999485e-01
3.847695391000000020e-01 2.432640481999999906e+02 1.456955181000000099e+00 1.382003368000000023e+02 1.420270872999999989e+00 8.918249204000000541e-01
3.867735471000000036e-01 2.402423114999999996e+02 1.468088558999999904e+00 1.358029789999999934e+02 1.413187567000000033e+00 8.895982448999999459e-01
3.887775551000000052e-01 2.372506775999999888e+02 1.479221936999999931e+00 1.334413558999999907e+02 1.406121968000000111e+00 8.873715693000000515e-01
3.907815631000000067e-01 2.342889211000000103e+02 1.490355314999999958e+00 1.311150222999999926e+02 1.399074077000000083e+00 8.851448937000000461e-01
3.927855711000000083e-01 2.313568175000000053e+02 1.501488691999999903e+00 1.288235378999999909e+02 1.392043893000000088e+00 8.829182181000000407e-01
3.947895792000000181e-01 2.284541436000000090e+02 1.512622069999999930e+00 1.265664665000000042e+02 1.385031415999999904e+00 8.806915426000000435e-01
3.967935872000000197e-01 2.255806775000000073e+02 1.523755447999999957e+00 1.243433761999999945e+02 1.378036647000000059e+00 8.784648670000000381e-01
3.987975952000000213e-01 2.227361980000000017e+02 1.534888825999999984e+00 1.221538397000000060e+02 1.371059586000000108e+00 8.762381914000000327e-01
4.008016032000000228e-01 2.199204852999999957e+02 1.546022204000000011e+00 1.199974339999999984e+02 1.364100231999999968e+00 8.740115158000000273e-01
4.028056112000000244e-01 2.171333207000000129e+02 1.557155582000000038e+00 1.178737401000000062e+02 1.357158585000000084e+00 8.717848403000000301e-01
4.048096192000000260e-01 2.143744864999999891e+02 1.568288960000000065e+00 1.157823434999999961e+02 1.350234646000000094e+00 8.695581647000000247e-01
4.068136272999999803e-01 2.116437661999999875e+02 1.579422337000000010e+00 1.137228338999999977e+02 1.343328413999999915e+00 8.673314891000000193e-01
4.088176352999999819e-01 2.089409444000000065e+02 1.590555715000000037e+00 1.116948050999999964e+02 1.336439890000000075e+00 8.651048135000000139e-01
4.108216432999999834e-01 2.062658067000000131e+02 1.601689093000000064e+00 1.096978550000000041e+02 1.329569073000000046e+00 8.628781380000000167e-01
4.128256512999999850e-01 2.036181400000000110e+02 1.612822471000000091e+00 1.077315856999999966e+02 1.322715963999999911e+00 8.606514624000000113e-01
4.148296592999999866e-01 2.009977321000000074e+02 1.623955848999999896e+00 1.057956034999999986e+02 1.315880562000000031e+00 8.584247868000000059e-01
4.168336672999999881e-01 1.984043720999999891e+02 1.635089226999999923e+00 1.038895184999999941e+02 1.309062866999999963e+00 8.561981113000000088e-01
4.188376753999999980e-01 1.958378499000000090e+02 1.646222604999999950e+00 1.020129450000000020e+02 1.302262880000000012e+00 8.539714357000000033e-01
4.208416833999999995e-01 1.932979566999999861e+02 1.657355982999999977e+00 1.001655011999999942e+02 1.295480600999999954e+00 8.517447600999999979e-01
4.228456914000000011e-01 1.907844848000000013e+02 1.668489359999999921e+00 9.834680941999999959e+01 1.288716028000000069e+00 8.495180844999999925e-01
4.248496994000000027e-01 1.882972274999999911e+02 1.679622737999999948e+00 9.655649570999999298e+01 1.281969163999999939e+00 8.472914089999999954e-01
4.268537074000000042e-01 1.858359791999999970e+02 1.690756115999999976e+00 9.479419013000000405e+01 1.275240005999999982e+00 8.450647333999999899e-01
4.288577154000000058e-01 1.834005353999999954e+02 1.701889494000000003e+00 9.305952657999999644e+01 1.268528557000000001e+00 8.428380577999999845e-01
4.308617234000000074e-01 1.809906925999999885e+02 1.713022872000000030e+00 9.135214279999999576e+01 1.261834813999999971e+00 8.406113821999999791e-01
4.328657315000000172e-01 1.786062484999999924e+02 1.724156250000000057e+00 8.967168035000000259e+01 1.255158779000000058e+00 8.383847066999999820e-01
4.348697395000000188e-01 1.762470017999999925e+02 1.735289628000000084e+00 8.801778455999999551e+01 1.248500452000000038e+00 8.361580310999999766e-01
4.368737475000000203e-01 1.739127522999999940e+02 1.746423005000000028e+00 8.639010450000000674e+01 1.241859832000000052e+00 8.339313554999999711e-01
4.388777555000000219e-01 1.716033007000000055e+02 1.757556383000000055e+00 8.478829297000000054e+01 1.235236919000000100e+00 8.317046798999999657e-01
4.408817635000000235e-01 1.693184489999999869e+02 1.768689761000000082e+00 8.321200645999999779e+01 1.228631714000000041e+00 8.294780043999999686e-01
4.428857715000000250e-01 1.670580000999999868e+02 1.779823139000000110e+00 8.166090509999999369e+01 1.222044216000000016e+00 8.272513287999999632e-01
4.448897795999999794e-01 1.648217579999999884e+02 1.790956516999999915e+00 8.013465266000000042e+01 1.215474426000000108e+00 8.250246531999999577e-01
4.468937875999999809e-01 1.626095277999999951e+02 1.802089894999999942e+00 7.863291653000000281e+01 1.208922343000000010e+00 8.227979776999999606e-01
4.488977955999999825e-01 1.604211156000000074e+02 1.813223272999999969e+00 7.715536765000000230e+01 1.202387968000000029e+00 8.205713020999999552e-01
4.509018035999999841e-01 1.582563284999999951e+02 1.824356650999999996e+00 7.570168049999999482e+01 1.195871300000000081e+00 8.183446264999999498e-01
4.529058115999999856e-01 1.561149747999999988e+02 1.835490027999999940e+00 7.427153309000000547e+01 1.189372338999999945e+00 8.161179509000000554e-01
4.549098195999999872e-01 1.539968636000000117e+02 1.846623405999999967e+00 7.286460689999999829e+01 1.182891085999999925e+00 8.138912753999999472e-01
4.569138276999999970e-01 1.519018053000000066e+02 1.857756783999999994e+00 7.148058688000000416e+01 1.176427539999999938e+00 8.116645998000000528e-01
4.589178356999999986e-01 1.498296111999999880e+02 1.868890162000000021e+00 7.011916139999999587e+01 1.169981702000000068e+00 8.094379242000000474e-01
4.609218437000000002e-01 1.477800934999999924e+02 1.880023540000000049e+00 6.878002223000000015e+01 1.163553571000000009e+00 8.072112486000000420e-01
4.629258517000000017e-01 1.457530657000000076e+02 1.891156918000000076e+00 6.746286453000000449e+01 1.157143148000000066e+00 8.049845731000000448e-01
4.649298597000000033e-01 1.437483421999999962e+02 1.902290296000000103e+00 6.616738678000000107e+01 1.150750431999999934e+00 8.027578975000000394e-01
4.669338677000000049e-01 1.417657384000000036e+02 1.913423673000000047e+00 6.489329080000000260e+01 1.144375423999999919e+00 8.005312219000000340e-01
4.689378758000000147e-01 1.398050708000000100e+02 1.924557051000000074e+00 6.364028168000000107e+01 1.138018122999999937e+00 7.983045463000000286e-01
4.709418838000000163e-01 1.378661567000000048e+02 1.935690429000000101e+00 6.240806778999999693e+01 1.131678528999999989e+00 7.960778708000000314e-01
4.729458918000000178e-01 1.359488148000000081e+02 1.946823806999999906e+00 6.119636073000000209e+01 1.125356642999999934e+00 7.938511952000000260e-01
4.749498998000000194e-01 1.340528644000000043e+02 1.957957184999999933e+00 6.000487531000000274e+01 1.119052463999999913e+00 7.916245196000000206e-01
4.769539078000000210e-01 1.321781260999999859e+02 1.969090562999999960e+00 5.883332950999999866e+01 1.112765993000000009e+00 7.893978441000000235e-01
4.789579158000000225e-01 1.303244214000000056e+02 1.980223940999999988e+00 5.768144447000000241e+01 1.106497228999999916e+00 7.871711685000000180e-01
4.809619238000000241e-01 1.284915728000000001e+02 1.991357319000000015e+00 5.654894448000000295e+01 1.100246172999999938e+00 7.849444929000000126e-01
4.829659318999999784e-01 1.266794038000000029e+02 2.002490696000000181e+00 5.543555691000000252e+01 1.094012823999999995e+00 7.827178173000000072e-01
4.849699398999999800e-01 1.248877389000000022e+02 2.013624073999999986e+00 5.434101221000000237e+01 1.087797182999999945e+00 7.804911418000000101e-01
4.869739478999999815e-01 1.231164035999999982e+02 2.024757451999999791e+00 5.326504386999999952e+01 1.081599248999999929e+00 7.782644662000000046e-01
4.889779558999999831e-01 1.213652244999999965e+02 2.035890830000000040e+00 5.220738843000000173e+01 1.075419021999999947e+00 7.760377905999999992e-01
4.909819638999999847e-01 1.196340289999999982e+02 2.047024207999999845e+00 5.116778539999999964e+01 1.069256503000000080e+00 7.738111149999999938e-01
4.929859718999999862e-01 1.179226455999999956e+02 2.058157586000000094e+00 5.014597728999999759e+01 1.063111691000000025e+00 7.715844394999999967e-01
4.949899799999999961e-01 1.162309037999999930e+02 2.069290963999999899e+00 4.914170954000000080e+01 1.056984587000000086e+00 7.693577638999999913e-01
4.969939879999999977e-01 1.145586339000000038e+02 2.080424341000000066e+00 4.815473049999999944e+01 1.050875189999999959e+00 7.671310882999999858e-01
4.989979959999999992e-01 1.129056675000000070e+02 2.091557718999999871e+00 4.718479143999999792e+01 1.044783500999999948e+00 7.649044126999999804e-01
5.010020039999999453e-01 1.112718368999999967e+02 2.102691097000000120e+00 4.623164649999999654e+01 1.038709518999999970e+00 7.626777371999999833e-01
5.030060119999999468e-01 1.096569755000000015e+02 2.113824474999999925e+00 4.529505264000000153e+01 1.032653245000000108e+00 7.604510615999999779e-01
5.050100199999999484e-01 1.080609177000000045e+02 2.124957853000000174e+00 4.437476966999999917e+01 1.026614678000000058e+00 7.582243859999999724e-01
5.070140280999999582e-01 1.064834986999999984e+02 2.136091230999999979e+00 4.347056019000000049e+01 1.020593818000000041e+00 7.559977104999999753e-01
5.090180360999999598e-01 1.049245547000000016e+02 2.147224608999999784e+00 4.258218956000000333e+01 1.014590665999999919e+00 7.537710348999999699e-01
5.110220440999999614e-01 1.033839231999999981e+02 2.158357987000000033e+00 4.170942588999999856e+01 1.008605221000000052e+00 7.515443592999999645e-01
5.130260520999999629e-01 1.018614421999999990e+02 2.169491364000000200e+00 4.085204003999999856e+01 1.002637484000000079e+00 7.493176836999999590e-01
5.150300600999999645e-01 1.003569508000000070e+02 2.180624742000000005e+00 4.000980555000000294e+01 9.966874543999999503e-01 7.470910081999999619e-01
5.170340680999999661e-01 9.887028929999999605e+01 2.191758119999999810e+00 3.918249861000000323e+01 9.907551320999999911e-01 7.448643325999999565e-01
5.190380761999999759e-01 9.740129860000000406e+01 2.202891498000000059e+00 3.836989812000000200e+01 9.848405171999999874e-01 7.426376569999999511e-01
5.210420841999999775e-01 9.594982075000000066e+01 2.214024875999999864e+00 3.757178555000000131e+01 9.789436097000000503e-01 7.404109813999999457e-01
5.230460921999999790e-01 9.451569868999999358e+01 2.225158254000000113e+00 3.678794502000000222e+01 9.730644096999999659e-01 7.381843058999999485e-01
5.250501001999999806e-01 9.309877629000000354e+01 2.236291631999999918e+00 3.601816319999999649e+01 9.672029170999999481e-01 7.359576303000000541e-01
5.270541081999999822e-01 9.169889840000000447e+01 2.247425009000000085e+00 3.526222934999999836e+01 9.613591320000000051e-01 7.337309547000000487e-01
5.290581161999999837e-01 9.031591077000000212e+01 2.258558386999999890e+00 3.451993523000000152e+01 9.555330543000000176e-01 7.315042791000000433e-01
5.310621241999999853e-01 8.894966008999999474e+01 2.269691765000000139e+00 3.379107513000000296e+01 9.497246840999999939e-01 7.292776036000000461e-01
5.330661322999999951e-01 8.759999397999999360e+01 2.280825142999999944e+00 3.307544582999999960e+01 9.439340213000000368e-01 7.270509280000000407e-01
5.350701402999999967e-01 8.626676100999999619e+01 2.291958521000000193e+00 3.237284659000000175e+01 9.381610659000000352e-01 7.248242524000000353e-01
5.370741482999999983e-01 8.494981065000000342e+01 2.303091898999999998e+00 3.168307907999999884e+01 9.324058179999999973e-01 7.225975769000000382e-01
5.390781562999999998e-01 8.364899330000000077e+01 2.314225276999999803e+00 3.100594741999999826e+01 9.266682775000000261e-01 7.203709013000000327e-01
5.410821643000000014e-01 8.236416027999999301e+01 2.325358655000000052e+00 3.034125811999999911e+01 9.209484445000000186e-01 7.181442257000000273e-01
5.430861723000000030e-01 8.109516381000000251e+01 2.336492032000000219e+00 2.968882006000000118e+01 9.152463188999999666e-01 7.159175501000000219e-01
5.450901804000000128e-01 7.984185705999999527e+01 2.347625410000000024e+00 2.904844450999999950e+01 9.095619007999999894e-01 7.136908746000000248e-01
5.470941884000000144e-01 7.860409407999999587e+01 2.358758787999999829e+00 2.841994502000000011e+01 9.038951900999999678e-01 7.114641990000000193e-01
5.490981964000000159e-01 7.738172982999999761e+01 2.369892166000000078e+00 2.780313749999999828e+01 8.982461868000000127e-01 7.092375234000000139e-01
5.511022044000000175e-01 7.617462018999999884e+01 2.381025543999999883e+00 2.719784011999999862e+01 8.926148910000000214e-01 7.070108478000000085e-01
5.531062124000000191e-01 7.498262192999999343e+01 2.392158922000000132e+00 2.660387332999999899e+01 8.870013025999999856e-01 7.047841723000000114e-01
5.551102204000000206e-01 7.380559273000000076e+01 2.403292299999999937e+00 2.602105982999999867e+01 8.814054217000000246e-01 7.025574967000000060e-01
5.571142285000000305e-01 7.264339114999999936e+01 2.414425677000000103e+00 2.544922455000000028e+01 8.758272482000000192e-01 7.003308211000000005e-01
5.591182365000000321e-01 7.149587665999999331e+01 2.425559054999999908e+00 2.488819460999999933e+01 8.702667821999999775e-01 6.981041454999999951e-01
5.611222445000000336e-01 7.036290961000000266e+01 2.436692433000000158e+00 2.433779932999999929e+01 8.647240236000000024e-01 6.958774699999999980e-01
5.631262525000000352e-01 6.924435124999999402e+01 2.447825810999999963e+00 2.379787018000000032e+01 8.591989723999999828e-01 6.936507943999999926e-01
5.651302605000000367e-01 6.814006369999999890e+01 2.458959189000000212e+00 2.326824079000000012e+01 8.536916287000000381e-01 6.914241187999999871e-01
5.671342685000000383e-01 6.704990997999999536e+01 2.470092567000000017e+00 2.274874690000000044e+01 8.482019924999999461e-01 6.891974432999999900e-01
5.691382766000000482e-01 6.597375395999999625e+01 2.481225944999999822e+00 2.223922634999999914e+01 8.427300637000000316e-01 6.869707676999999846e-01
5.711422846000000497e-01 6.491146041999999738e+01 2.492359323000000071e+00 2.173951908000000088e+01 8.372758422999999617e-01 6.847440920999999792e-01
5.731462926000000513e-01 6.386289500000000174e+01 2.503492699999999793e+00 2.124946707000000146e+01 8.318393282999999583e-01 6.825174164999999737e-01
5.751503006000000529e-01 6.282792420999999905e+01 2.514626078000000042e+00 2.076891436000000013e+01 8.264205218000000297e-01 6.802907409999999766e-01
5.771543086000000544e-01 6.180641542000000044e+01 2.525759455999999847e+00 2.029770700999999988e+01 8.210194227999999539e-01 6.780640653999999712e-01
5.791583165999999450e-01 6.079823688999999831e+01 2.536892834000000096e+00 1.983569306000000054e+01 8.156360311999999446e-01 6.758373897999999658e-01
5.811623245999999465e-01 5.980325770999999691e+01 2.548026211999999902e+00 1.938272255000000044e+01 8.102703470000000019e-01 6.736107141999999603e-01
5.831663326999999564e-01 5.882134786000000304e+01 2.559159590000000151e+00 1.893864749999999830e+01 8.049223703000000230e-01 6.713840386999999632e-01
5.851703406999999579e-01 5.785237814999999983e+01 2.570292967999999956e+00 1.850332184000000169e+01 7.995921009999999995e-01 6.691573630999999578e-01
5.871743486999999595e-01 5.689622027000000060e+01 2.581426346000000205e+00 1.807660144999999829e+01 7.942795392000000509e-01 6.669306874999999524e-01
5.891783566999999611e-01 5.595274674000000203e+01 2.592559722999999927e+00 1.765834410000000076e+01 7.889846847999999468e-01 6.647040118999999470e-01
5.911823646999999626e-01 5.502183094000000096e+01 2.603693101000000176e+00 1.724840946000000130e+01 7.837075379000000286e-01 6.624773363999999498e-01
5.931863726999999642e-01 5.410334708999999975e+01 2.614826478999999981e+00 1.684665906000000035e+01 7.784480983999999548e-01 6.602506608000000554e-01
5.951903807999999740e-01 5.319717026000000004e+01 2.625959856999999786e+00 1.645295628999999948e+01 7.732063662999999476e-01 6.580239852000000500e-01
5.971943887999999756e-01 5.230317635000000109e+01 2.637093235000000035e+00 1.606716633999999999e+01 7.679823417000000152e-01 6.557973097000000529e-01
5.991983967999999772e-01 5.142124211000000145e+01 2.648226612999999841e+00 1.568915624999999991e+01 7.627760245000000383e-01 6.535706341000000474e-01
6.012024047999999787e-01 5.055124510000000271e+01 2.659359991000000090e+00 1.531879484000000069e+01 7.575874148000000252e-01 6.513439585000000420e-01
6.032064127999999803e-01 4.969306375000000031e+01 2.670493367999999812e+00 1.495595269000000016e+01 7.524165124999999676e-01 6.491172829000000366e-01
6.052104207999999819e-01 4.884657726999999738e+01 2.681626746000000061e+00 1.460050215999999956e+01 7.472633176999999849e-01 6.468906074000000395e-01
6.072144288999999917e-01 4.801166573999999798e+01 2.692760123999999866e+00 1.425231733000000034e+01 7.421278302999999577e-01 6.446639318000000340e-01
6.092184368999999933e-01 4.718821004000000130e+01 2.703893502000000115e+00 1.391127402000000046e+01 7.370100502999999970e-01 6.424372562000000286e-01
6.112224448999999948e-01 4.637609187000000333e+01 2.715026879999999920e+00 1.357724975000000001e+01 7.319099778000000001e-01 6.402105806000000232e-01
6.132264528999999964e-01 4.557519374999999684e+01 2.726160258000000169e+00 1.325012371000000044e+01 7.268276126999999587e-01 6.379839051000000261e-01
6.152304608999999980e-01 4.478539903000000066e+01 2.737293635999999974e+00 1.292977677999999919e+01 7.217629550999999921e-01 6.357572295000000206e-01
6.172344688999999995e-01 4.400659183999999868e+01 2.748427013999999780e+00 1.261609147999999969e+01 7.167160048999999811e-01 6.335305539000000152e-01
6.192384770000000094e-01 4.323865714000000082e+01 2.759560390999999946e+00 1.230895195999999991e+01 7.116867622000000448e-01 6.313038783000000098e-01
6.212424850000000109e-01 4.248148070999999959e+01 2.770693769000000195e+00 1.200824401000000030e+01 7.066752268999999531e-01 6.290772028000000127e-01
6.232464930000000125e-01 4.173494909000000064e+01 2.781827147000000000e+00 1.171385498999999975e+01 7.016813990000000389e-01 6.268505272000000073e-01
6.252505010000000141e-01 4.099894966000000096e+01 2.792960524999999805e+00 1.142567385999999985e+01 6.967052785999999776e-01 6.246238516000000018e-01
6.272545090000000156e-01 4.096686359000000266e+01 2.793449513000000106e+00 1.141315728000000007e+01 6.964871287999999661e-01 6.245260540000000526e-01
6.292585170000000172e-01 4.096686359000000266e+01 2.793449513000000106e+00 1.141315728000000007e+01 6.964871287999999661e-01 6.245260540000000526e-01
6.312625251000000270e-01 4.096686359000000266e+01 2.793449513000000106e+00 1.141315728000000007e+01 6.964871287999999661e-01 6.245260540000000526e-01
6.332665331000000286e-01 4.096686359000000266e+01 2.793449513000000106e+00 1.141315728000000007e+01 6.964871287999999661e-01 6.245260540000000526e-01
6.352705411000000302e-01 4.096686359000000266e+01 2.793449513000000106e+00 1.141315728000000007e+01 6.964871287999999661e-01 6.245260540000000526e-01
6.372745491000000317e-01 4.096686359000000266e+01 2.793449513000000106e+00 1.141315728000000007e+01 6.964871287999999661e-01 6.245260540000000526e-01
6.392785571000000333e-01 4.096686359000000266e+01 2.793449513000000106e+00 1.141315728000000007e+01 6.964871287999999661e-01 6.245260540000000526e-01
6.412825651000000349e-01 4.096686359000000266e+01 2.793449513000000106e+00 1.141315728000000007e+01 6.964871287999999661e-01 6.245260540000000526e-01
6.432865731000000364e-01 4.096686359000000266e+01 2.793449513000000106e+00 1.141315728000000007e+01 6.964871287999999661e-01 6.245260540000000526e-01
6.452905812000000463e-01 4.096686359000000266e+01 2.793449513000000106e+00 1.141315728000000007e+01 6.964871287999999661e-01 6.245260540000000526e-01
6.472945892000000478e-01 4.096686359000000266e+01 2.793449513000000106e+00 1.141315728000000007e+01 6.964871287999999661e-01 6.245260540000000526e-01
6.492985972000000494e-01 4.096686359000000266e+01 2.793449513000000106e+00 1.141315728000000007e+01 6.964871287999999661e-01 6.245260540000000526e-01
6.513026052000000510e-01 4.096686359000000266e+01 2.793449513000000106e+00 1.141315728000000007e+01 6.964871287999999661e-01 6.245260540000000526e-01
6.533066132000000525e-01 4.096686359000000266e+01 2.793449513000000106e+00 1.141315728000000007e+01 6.964871287999999661e-01 6.245260540000000526e-01
6.553106212000000541e-01 4.096686359000000266e+01 2.793449513000000106e+00 1.141315728000000007e+01 6.964871287999999661e-01 6.245260540000000526e-01
6.573146292999999529e-01 4.096686359000000266e+01 2.793449513000000106e+00 1.141315728000000007e+01 6.964871287999999661e-01 6.245260540000000526e-01
6.593186372999999545e-01 4.096686359000000266e+01 2.793449513000000106e+00 1.141315728000000007e+01 6.964871287999999661e-01 6.245260540000000526e-01
6.613226452999999561e-01 4.096686359000000266e+01 2.793449513000000106e+00 1.141315728000000007e+01 6.964871287999999661e-01 6.245260540000000526e-01
6.633266532999999576e-01 4.096686359000000266e+01 2.793449513000000106e+00 1.141315728000000007e+01 6.964871287999999661e-01 6.245260540000000526e-01
6.653306612999999592e-01 4.096686359000000266e+01 2.793449513000000106e+00 1.141315728000000007e+01 6.964871287999999661e-01 6.245260540000000526e-01
6.673346692999999608e-01 4.096686359000000266e+01 2.793449513000000106e+00 1.141315728000000007e+01 6.964871287999999661e-01 6.245260540000000526e-01
6.693386773999999706e-01 4.096686359000000266e+01 2.793449513000000106e+00 1.141315728000000007e+01 6.964871287999999661e-01 6.245260540000000526e-01
6.713426853999999722e-01 4.096686359000000266e+01 2.793449513000000106e+00 1.141315728000000007e+01 6.964871287999999661e-01 6.245260540000000526e-01
6.733466933999999737e-01 4.096686359000000266e+01 2.793449513000000106e+00 1.141315728000000007e+01 6.964871287999999661e-01 6.245260540000000526e-01
6.753507013999999753e-01 4.096686359000000266e+01 2.793449513000000106e+00 1.141315728000000007e+01 6.964871287999999661e-01 6.245260540000000526e-01
6.773547093999999769e-01 4.096686359000000266e+01 2.793449513000000106e+00 1.141315728000000007e+01 6.964871287999999661e-01 6.245260540000000526e-01
6.793587173999999784e-01 4.096686359000000266e+01 2.793449513000000106e+00 1.141315728000000007e+01 6.964871287999999661e-01 6.245260540000000526e-01
6.813627254999999883e-01 4.096686359000000266e+01 2.793449513000000106e+00 1.141315728000000007e+01 6.964871287999999661e-01 6.245260540000000526e-01
6.833667334999999898e-01 4.096686359000000266e+01 2.793449513000000106e+00 1.141315728000000007e+01 6.964871287999999661e-01 6.245260540000000526e-01
6.853707414999999914e-01 4.096686359000000266e+01 2.793449513000000106e+00 1.141315728000000007e+01 6.964871287999999661e-01 6.245260540000000526e-01
6.873747494999999930e-01 4.096686359000000266e+01 2.793449513000000106e+00 1.141315728000000007e+01 6.964871287999999661e-01 6.245260540000000526e-01
6.893787574999999945e-01 4.096686359000000266e+01 2.793449513000000106e+00 1.141315728000000007e+01 6.964871287999999661e-01 6.245260540000000526e-01
6.913827654999999961e-01 4.096686359000000266e+01 2.793449513000000106e+00 1.141315728000000007e+01 6.964871287999999661e-01 6.245260540000000526e-01
6.933867734999999977e-01 4.096686359000000266e+01 2.793449513000000106e+00 1.141315728000000007e+01 6.964871287999999661e-01 6.245260540000000526e-01
6.953907816000000075e-01 4.096686359000000266e+01 2.793449513000000106e+00 1.141315728000000007e+01 6.964871287999999661e-01 6.245260540000000526e-01
6.973947896000000091e-01 4.096686359000000266e+01 2.793449513000000106e+00 1.141315728000000007e+01 6.964871287999999661e-01 6.245260540000000526e-01
6.993987976000000106e-01 4.096686359000000266e+01 2.793449513000000106e+00 1.141315728000000007e+01 6.964871287999999661e-01 6.245260540000000526e-01
7.014028056000000122e-01 4.096686359000000266e+01 2.793449513000000106e+00 1.141315728000000007e+01 6.964871287999999661e-01 6.245260540000000526e-01
7.034068136000000138e-01 4.096686359000000266e+01 2.793449513000000106e+00 1.141315728000000007e+01 6.964871287999999661e-01 6.245260540000000526e-01
7.054108216000000153e-01 4.096686359000000266e+01 2.793449513000000106e+00 1.141315728000000007e+01 6.964871287999999661e-01 6.245260540000000526e-01
7.074148297000000252e-01 4.096686359000000266e+01 2.793449513000000106e+00 1.141315728000000007e+01 6.964871287999999661e-01 6.245260540000000526e-01
7.094188377000000267e-01 4.096686359000000266e+01 2.793449513000000106e+00 1.141315728000000007e+01 6.964871287999999661e-01 6.245260540000000526e-01
7.114228457000000283e-01 4.096686359000000266e+01 2.793449513000000106e+00 1.141315728000000007e+01 6.964871287999999661e-01 6.245260540000000526e-01
7.134268537000000299e-01 4.096686359000000266e+01 2.793449513000000106e+00 1.141315728000000007e+01 6.964871287999999661e-01 6.245260540000000526e-01
7.154308617000000314e-01 4.096686359000000266e+01 2.793449513000000106e+00 1.141315728000000007e+01 6.964871287999999661e-01 6.245260540000000526e-01
7.174348697000000330e-01 4.096686359000000266e+01 2.793449513000000106e+00 1.141315728000000007e+01 6.964871287999999661e-01 6.245260540000000526e-01
7.194388778000000428e-01 3.990025619999999940e+00 2.793449513000000106e+00 1.141315728000000007e+01 7.151055133999999924e+00 2.001147389999999859e+00
7.214428858000000444e-01 3.990025619999999940e+00 2.793449513000000106e+00 1.141315728000000007e+01 7.151055133999999924e+00 2.001147389999999859e+00
7.234468938000000460e-01 3.990025619999999940e+00 2.793449513000000106e+00 1.141315728000000007e+01 7.151055133999999924e+00 2.001147389999999859e+00
7.254509018000000475e-01 3.990025619999999940e+00 2.793449513000000106e+00 1.141315728000000007e+01 7.151055133999999924e+00 2.001147389999999859e+00
7.274549098000000491e-01 3.990025619999999940e+00 2.793449513000000106e+00 1.141315728000000007e+01 7.151055133999999924e+00 2.001147389999999859e+00
7.294589178000000507e-01 3.990025619999999940e+00 2.793449513000000106e+00 1.141315728000000007e+01 7.151055133999999924e+00 2.001147389999999859e+00
7.314629258999999495e-01 3.990025619999999940e+00 2.793449513000000106e+00 1.141315728000000007e+01 7.151055133999999924e+00 2.001147389999999859e+00
7.334669338999999511e-01 3.990025619999999940e+00 2.793449513000000106e+00 1.141315728000000007e+01 7.151055133999999924e+00 2.001147389999999859e+00
7.354709418999999526e-01 3.990025619999999940e+00 2.793449513000000106e+00 1.141315728000000007e+01 7.151055133999999924e+00 2.001147389999999859e+00
7.374749498999999542e-01 3.990025619999999940e+00 2.793449513000000106e+00 1.141315728000000007e+01 7.151055133999999924e+00 2.001147389999999859e+00
7.394789578999999557e-01 3.990025619999999940e+00 2.793449513000000106e+00 1.141315728000000007e+01 7.151055133999999924e+00 2.001147389999999859e+00
7.414829658999999573e-01 3.990025619999999940e+00 2.793449513000000106e+00 1.141315728000000007e+01 7.151055133999999924e+00 2.001147389999999859e+00
7.434869738999999589e-01 3.990025619999999940e+00 2.793449513000000106e+00 1.141315728000000007e+01 7.151055133999999924e+00 2.001147389999999859e+00
7.454909819999999687e-01 3.990025619999999940e+00 2.793449513000000106e+00 1.141315728000000007e+01 7.151055133999999924e+00 2.001147389999999859e+00
7.474949899999999703e-01 3.990025619999999940e+00 2.793449513000000106e+00 1.141315728000000007e+01 7.151055133999999924e+00 2.001147389999999859e+00
7.494989979999999719e-01 3.990025619999999940e+00 2.793449513000000106e+00 1.141315728000000007e+01 7.151055133999999924e+00 2.001147389999999859e+00
7.515030059999999734e-01 3.990025619999999940e+00 2.793449513000000106e+00 1.141315728000000007e+01 7.151055133999999924e+00 2.001147389999999859e+00
7.535070139999999750e-01 3.990025619999999940e+00 2.793449513000000106e+00 1.141315728000000007e+01 7.151055133999999924e+00 2.001147389999999859e+00
7.555110219999999766e-01 3.990025619999999940e+00 2.793449513000000106e+00 1.141315728000000007e+01 7.151055133999999924e+00 2.001147389999999859e+00
7.575150300999999864e-01 3.990025619999999940e+00 2.793449513000000106e+00 1.141315728000000007e+01 7.151055133999999924e+00 2.001147389999999859e+00
7.595190380999999880e-01 3.990025619999999940e+00 2.793449513000000106e+00 1.141315728000000007e+01 7.151055133999999924e+00 2.001147389999999859e+00
7.615230460999999895e-01 3.990025619999999940e+00 2.793449513000000106e+00 1.141315728000000007e+01 7.151055133999999924e+00 2.001147389999999859e+00
7.635270540999999911e-01 3.990025619999999940e+00 2.793449513000000106e+00 1.141315728000000007e+01 7.151055133999999924e+00 2.001147389999999859e+00
7.655310620999999927e-01 3.990025619999999940e+00 2.793449513000000106e+00 1.141315728000000007e+01 7.151055133999999924e+00 2.001147389999999859e+00
7.675350700999999942e-01 3.990025619999999940e+00 2.793449513000000106e+00 1.141315728000000007e+01 7.151055133999999924e+00 2.001147389999999859e+00
7.695390782000000041e-01 3.990025619999999940e+00 2.793449513000000106e+00 1.141315728000000007e+01 7.151055133999999924e+00 2.001147389999999859e+00
7.715430862000000056e-01 3.990025619999999940e+00 2.793449513000000106e+00 1.141315728000000007e+01 7.151055133999999924e+00 2.001147389999999859e+00
7.735470942000000072e-01 3.990025619999999940e+00 2.793449513000000106e+00 1.141315728000000007e+01 7.151055133999999924e+00 2.001147389999999859e+00
7.755511022000000088e-01 3.990025619999999940e+00 2.793449513000000106e+00 1.141315728000000007e+01 7.151055133999999924e+00 2.001147389999999859e+00
7.775551102000000103e-01 3.990025619999999940e+00 2.793449513000000106e+00 1.141315728000000007e+01 7.151055133999999924e+00 2.001147389999999859e+00
7.795591182000000119e-01 3.990025619999999940e+00 2.793449513000000106e+00 1.141315728000000007e+01 7.151055133999999924e+00 2.001147389999999859e+00
7.815631263000000217e-01 3.990025619999999940e+00 2.793449513000000106e+00 1.141315728000000007e+01 7.151055133999999924e+00 2.001147389999999859e+00
7.835671343000000233e-01 3.990025619999999940e+00 2.793449513000000106e+00 1.141315728000000007e+01 7.151055133999999924e+00 2.001147389999999859e+00
7.855711423000000249e-01 3.990025619999999940e+00 2.793449513000000106e+00 1.141315728000000007e+01 7.151055133999999924e+00 2.001147389999999859e+00
7.875751503000000264e-01 3.990025619999999940e+00 2.793449513000000106e+00 1.141315728000000007e+01 7.151055133999999924e+00 2.001147389999999859e+00
7.895791583000000280e-01 3.990025619999999940e+00 2.793449513000000106e+00 1.141315728000000007e+01 7.151055133999999924e+00 2.001147389999999859e+00
7.915831663000000296e-01 3.990025619999999940e+00 2.793449513000000106e+00 1.141315728000000007e+01 7.151055133999999924e+00 2.001147389999999859e+00
7.935871743000000311e-01 3.990025619999999940e+00 2.793449513000000106e+00 1.141315728000000007e+01 7.151055133999999924e+00 2.001147389999999859e+00
7.955911824000000410e-01 3.990025619999999940e+00 2.793449513000000106e+00 1.141315728000000007e+01 7.151055133999999924e+00 2.001147389999999859e+00
7.975951904000000425e-01 3.990025619999999940e+00 2.793449513000000106e+00 1.141315728000000007e+01 7.151055133999999924e+00 2.001147389999999859e+00
7.995991984000000441e-01 3.990025619999999940e+00 2.793449513000000106e+00 1.141315728000000007e+01 7.151055133999999924e+00 2.001147389999999859e+00
8.016032064000000457e-01 3.990025619999999940e+00 2.793449513000000106e+00 1.141315728000000007e+01 7.151055133999999924e+00 2.001147389999999859e+00
8.036072144000000472e-01 3.990025619999999940e+00 2.793449513000000106e+00 1.141315728000000007e+01 7.151055133999999924e+00 2.001147389999999859e+00
8.056112224000000488e-01 3.990025619999999940e+00 2.793449513000000106e+00 1.141315728000000007e+01 7.151055133999999924e+00 2.001147389999999859e+00
8.076152304999999476e-01 3.990025619999999940e+00 2.793449513000000106e+00 1.141315728000000007e+01 7.151055133999999924e+00 2.001147389999999859e+00
8.096192384999999492e-01 3.990025619999999940e+00 2.793449513000000106e+00 1.141315728000000007e+01 7.151055133999999924e+00 2.001147389999999859e+00
8.116232464999999507e-01 3.990025619999999940e+00 2.793449513000000106e+00 1.141315728000000007e+01 7.151055133999999924e+00 2.001147389999999859e+00
8.136272544999999523e-01 3.990025619999999940e+00 2.793449513000000106e+00 1.141315728000000007e+01 7.151055133999999924e+00 2.001147389999999859e+00
8.156312624999999539e-01 3.990025619999999940e+00 2.793449513000000106e+00 1.141315728000000007e+01 7.151055133999999924e+00 2.001147389999999859e+00
8.176352704999999554e-01 3.990025619999999940e+00 2.793449513000000106e+00 1.141315728000000007e+01 7.151055133999999924e+00 2.001147389999999859e+00
8.196392785999999653e-01 3.990025619999999940e+00 2.793449513000000106e+00 1.141315728000000007e+01 7.151055133999999924e+00 2.001147389999999859e+00
8.216432865999999668e-01 3.990025619999999940e+00 2.793449513000000106e+00 1.141315728000000007e+01 7.151055133999999924e+00 2.001147389999999859e+00
8.236472945999999684e-01 3.990025619999999940e+00 2.793449513000000106e+00 1.141315728000000007e+01 7.151055133999999924e+00 2.001147389999999859e+00
8.256513025999999700e-01 3.990025619999999940e+00 2.793449513000000106e+00 1.141315728000000007e+01 7.151055133999999924e+00 2.001147389999999859e+00
8.276553105999999715e-01 3.990025619999999940e+00 2.793449513000000106e+00 1.141315728000000007e+01 7.151055133999999924e+00 2.001147389999999859e+00
8.296593185999999731e-01 3.990025619999999940e+00 2.793449513000000106e+00 1.141315728000000007e+01 7.151055133999999924e+00 2.001147389999999859e+00
8.316633266999999829e-01 3.990025619999999940e+00 2.793449513000000106e+00 1.141315728000000007e+01 7.151055133999999924e+00 2.001147389999999859e+00
8.336673346999999845e-01 3.990025619999999940e+00 2.793449513000000106e+00 1.141315728000000007e+01 7.151055133999999924e+00 2.001147389999999859e+00
8.356713426999999861e-01 3.990025619999999940e+00 2.793449513000000106e+00 1.141315728000000007e+01 7.151055133999999924e+00 2.001147389999999859e+00
8.376753506999999876e-01 3.990025619999999940e+00 2.793449513000000106e+00 1.141315728000000007e+01 7.151055133999999924e+00 2.001147389999999859e+00
8.396793586999999892e-01 3.990025619999999940e+00 2.793449513000000106e+00 1.141315728000000007e+01 7.151055133999999924e+00 2.001147389999999859e+00
8.416833666999999908e-01 3.990025619999999940e+00 2.793449513000000106e+00 1.141315728000000007e+01 7.151055133999999924e+00 2.001147389999999859e+00
8.436873746999999923e-01 3.990025619999999940e+00 2.793449513000000106e+00 1.141315728000000007e+01 7.151055133999999924e+00 2.001147389999999859e+00
8.456913828000000022e-01 3.990025619999999940e+00 2.793449513000000106e+00 1.141315728000000007e+01 7.151055133999999924e+00 2.001147389999999859e+00
8.476953908000000038e-01 3.990025619999999940e+00 2.793449513000000106e+00 1.141315728000000007e+01 7.151055133999999924e+00 2.001147389999999859e+00
8.496993988000000053e-01 3.990025619999999940e+00 2.793449513000000106e+00 1.141315728000000007e+01 7.151055133999999924e+00 2.001147389999999859e+00
8.517034068000000069e-01 3.990025619999999940e+00 2.793449513000000106e+00 1.141315728000000007e+01 7.151055133999999924e+00 2.001147389999999859e+00
8.537074148000000084e-01 3.990025619999999940e+00 2.793449513000000106e+00 1.141315728000000007e+01 7.151055133999999924e+00 2.001147389999999859e+00
8.557114228000000100e-01 3.990025619999999940e+00 2.793449513000000106e+00 1.141315728000000007e+01 7.151055133999999924e+00 2.001147389999999859e+00
8.577154309000000199e-01 3.990025619999999940e+00 2.793449513000000106e+00 1.141315728000000007e+01 7.151055133999999924e+00 2.001147389999999859e+00
8.597194389000000214e-01 1.000000000000000000e+00 0.000000000000000000e+00 1.000000000000000000e+00 2.500000000000000000e+00 1.183215957000000040e+00
8.617234469000000230e-01 1.000000000000000000e+00 0.000000000000000000e+00 1.000000000000000000e+00 2.500000000000000000e+00 1.183215957000000040e+00
8.637274549000000246e-01 1.000000000000000000e+00 0.000000000000000000e+00 1.000000000000000000e+00 2.500000000000000000e+00 1.183215957000000040e+00
8.657314629000000261e-01 1.000000000000000000e+00 0.000000000000000000e+00 1.000000000000000000e+00 2.500000000000000000e+00 1.183215957000000040e+00
8.677354709000000277e-01 1.000000000000000000e+00 0.000000000000000000e+00 1.000000000000000000e+00 2.500000000000000000e+00 1.183215957000000040e+00
8.697394790000000375e-01 1.000000000000000000e+00 0.000000000000000000e+00 1.000000000000000000e+00 2.500000000000000000e+00 1.183215957000000040e+00
8.717434870000000391e-01 1.000000000000000000e+00 0.000000000000000000e+00 1.000000000000000000e+00 2.500000000000000000e+00 1.183215957000000040e+00
8.737474950000000407e-01 1.000000000000000000e+00 0.000000000000000000e+00 1.000000000000000000e+00 2.500000000000000000e+00 1.183215957000000040e+00
8.757515030000000422e-01 1.000000000000000000e+00 0.000000000000000000e+00 1.000000000000000000e+00 2.500000000000000000e+00 1.183215957000000040e+00
8.777555110000000438e-01 1.000000000000000000e+00 0.000000000000000000e+00 1.000000000000000000e+00 2.500000000000000000e+00 1.183215957000000040e+00
8.797595190000000454e-01 1.000000000000000000e+00 0.000000000000000000e+00 1.000000000000000000e+00 2.500000000000000000e+00 1.183215957000000040e+00
8.817635271000000552e-01 1.000000000000000000e+00 0.000000000000000000e+00 1.000000000000000000e+00 2.500000000000000000e+00 1.183215957000000040e+00
8.837675350999999457e-01 1.000000000000000000e+00 0.000000000000000000e+00 1.000000000000000000e+00 2.500000000000000000e+00 1.183215957000000040e+00
8.857715430999999473e-01 1.000000000000000000e+00 0.000000000000000000e+00 1.000000000000000000e+00 2.500000000000000000e+00 1.183215957000000040e+00
8.877755510999999489e-01 1.000000000000000000e+00 0.000000000000000000e+00 1.000000000000000000e+00 2.500000000000000000e+00 1.183215957000000040e+00
8.897795590999999504e-01 1.000000000000000000e+00 0.000000000000000000e+00 1.000000000000000000e+00 2.500000000000000000e+00 1.183215957000000040e+00
8.917835670999999520e-01 1.000000000000000000e+00 0.000000000000000000e+00 1.000000000000000000e+00 2.500000000000000000e+00 1.183215957000000040e+00
8.937875751999999618e-01 1.000000000000000000e+00 0.000000000000000000e+00 1.000000000000000000e+00 2.500000000000000000e+00 1.183215957000000040e+00
8.957915831999999634e-01 1.000000000000000000e+00 0.000000000000000000e+00 1.000000000000000000e+00 2.500000000000000000e+00 1.183215957000000040e+00
8.977955911999999650e-01 1.000000000000000000e+00 0.000000000000000000e+00 1.000000000000000000e+00 2.500000000000000000e+00 1.183215957000000040e+00
8.997995991999999665e-01 1.000000000000000000e+00 0.000000000000000000e+00 1.000000000000000000e+00 2.500000000000000000e+00 1.183215957000000040e+00
9.018036071999999681e-01 1.000000000000000000e+00 0.000000000000000000e+00 1.000000000000000000e+00 2.500000000000000000e+00 1.183215957000000040e+00
9.038076151999999697e-01 1.000000000000000000e+00 0.000000000000000000e+00 1.000000000000000000e+00 2.500000000000000000e+00 1.183215957000000040e+00
9.058116231999999712e-01 1.000000000000000000e+00 0.000000000000000000e+00 1.000000000000000000e+00 2.500000000000000000e+00 1.183215957000000040e+00
9.078156312999999811e-01 1.000000000000000000e+00 0.000000000000000000e+00 1.000000000000000000e+00 2.500000000000000000e+00 1.183215957000000040e+00
9.098196392999999826e-01 1.000000000000000000e+00 0.000000000000000000e+00 1.000000000000000000e+00 2.500000000000000000e+00 1.183215957000000040e+00
9.118236472999999842e-01 1.000000000000000000e+00 0.000000000000000000e+00 1.000000000000000000e+00 2.500000000000000000e+00 1.183215957000000040e+00
9.138276552999999858e-01 1.000000000000000000e+00 0.000000000000000000e+00 1.000000000000000000e+00 2.500000000000000000e+00 1.183215957000000040e+00
9.158316632999999873e-01 1.000000000000000000e+00 0.000000000000000000e+00 1.000000000000000000e+00 2.500000000000000000e+00 1.183215957000000040e+00
9.178356712999999889e-01 1.000000000000000000e+00 0.000000000000000000e+00 1.000000000000000000e+00 2.500000000000000000e+00 1.183215957000000040e+00
9.198396793999999987e-01 1.000000000000000000e+00 0.000000000000000000e+00 1.000000000000000000e+00 2.500000000000000000e+00 1.183215957000000040e+00
9.218436874000000003e-01 1.000000000000000000e+00 0.000000000000000000e+00 1.000000000000000000e+00 2.500000000000000000e+00 1.183215957000000040e+00
9.238476954000000019e-01 1.000000000000000000e+00 0.000000000000000000e+00 1.000000000000000000e+00 2.500000000000000000e+00 1.183215957000000040e+00
9.258517034000000034e-01 1.000000000000000000e+00 0.000000000000000000e+00 1.000000000000000000e+00 2.500000000000000000e+00 1.183215957000000040e+00
9.278557114000000050e-01 1.000000000000000000e+00 0.000000000000000000e+00 1.000000000000000000e+00 2.500000000000000000e+00 1.183215957000000040e+00
9.298597194000000066e-01 1.000000000000000000e+00 0.000000000000000000e+00 1.000000000000000000e+00 2.500000000000000000e+00 1.183215957000000040e+00
9.318637275000000164e-01 1.000000000000000000e+00 0.000000000000000000e+00 1.000000000000000000e+00 2.500000000000000000e+00 1.183215957000000040e+00
9.338677355000000180e-01 1.000000000000000000e+00 0.000000000000000000e+00 1.000000000000000000e+00 2.500000000000000000e+00 1.183215957000000040e+00
9.358717435000000195e-01 1.000000000000000000e+00 0.000000000000000000e+00 1.000000000000000000e+00 2.500000000000000000e+00 1.183215957000000040e+00
9.378757515000000211e-01 1.000000000000000000e+00 0.000000000000000000e+00 1.000000000000000000e+00 2.500000000000000000e+00 1.183215957000000040e+00
9.398797595000000227e-01 1.000000000000000000e+00 0.000000000000000000e+00 1.000000000000000000e+00 2.500000000000000000e+00 1.183215957000000040e+00
9.418837675000000242e-01 1.000000000000000000e+00 0.000000000000000000e+00 1.000000000000000000e+00 2.500000000000000000e+00 1.183215957000000040e+00
9.438877756000000341e-01 1.000000000000000000e+00 0.000000000000000000e+00 1.000000000000000000e+00 2.500000000000000000e+00 1.183215957000000040e+00
9.458917836000000356e-01 1.000000000000000000e+00 0.000000000000000000e+00 1.000000000000000000e+00 2.500000000000000000e+00 1.183215957000000040e+00
9.478957916000000372e-01 1.000000000000000000e+00 0.000000000000000000e+00 1.000000000000000000e+00 2.500000000000000000e+00 1.183215957000000040e+00
9.498997996000000388e-01 1.000000000000000000e+00 0.000000000000000000e+00 1.000000000000000000e+00 2.500000000000000000e+00 1.183215957000000040e+00
9.519038076000000403e-01 1.000000000000000000e+00 0.000000000000000000e+00 1.000000000000000000e+00 2.500000000000000000e+00 1.183215957000000040e+00
9.539078156000000419e-01 1.000000000000000000e+00 0.000000000000000000e+00 1.000000000000000000e+00 2.500000000000000000e+00 1.183215957000000040e+00
9.559118236000000435e-01 1.000000000000000000e+00 0.000000000000000000e+00 1.000000000000000000e+00 2.500000000000000000e+00 1.183215957000000040e+00
9.579158317000000533e-01 1.000000000000000000e+00 0.000000000000000000e+00 1.000000000000000000e+00 2.500000000000000000e+00 1.183215957000000040e+00
9.599198397000000549e-01 1.000000000000000000e+00 0.000000000000000000e+00 1.000000000000000000e+00 2.500000000000000000e+00 1.183215957000000040e+00
9.619238476999999454e-01 1.000000000000000000e+00 0.000000000000000000e+00 1.000000000000000000e+00 2.500000000000000000e+00 1.183215957000000040e+00
9.639278556999999470e-01 1.000000000000000000e+00 0.000000000000000000e+00 1.000000000000000000e+00 2.500000000000000000e+00 1.183215957000000040e+00
9.659318636999999486e-01 1.000000000000000000e+00 0.000000000000000000e+00 1.000000000000000000e+00 2.500000000000000000e+00 1.183215957000000040e+00
9.679358716999999501e-01 1.000000000000000000e+00 0.000000000000000000e+00 1.000000000000000000e+00 2.500000000000000000e+00 1.183215957000000040e+00
9.699398797999999600e-01 1.000000000000000000e+00 0.000000000000000000e+00 1.000000000000000000e+00 2.500000000000000000e+00 1.183215957000000040e+00
9.719438877999999615e-01 1.000000000000000000e+00 0.000000000000000000e+00 1.000000000000000000e+00 2.500000000000000000e+00 1.183215957000000040e+00
9.739478957999999631e-01 1.000000000000000000e+00 0.000000000000000000e+00 1.000000000000000000e+00 2.500000000000000000e+00 1.183215957000000040e+00
9.759519037999999647e-01 1.000000000000000000e+00 0.000000000000000000e+00 1.000000000000000000e+00 2.500000000000000000e+00 1.183215957000000040e+00
9.779559117999999662e-01 1.000000000000000000e+00 0.000000000000000000e+00 1.000000000000000000e+00 2.500000000000000000e+00 1.183215957000000040e+00
9.799599197999999678e-01 1.000000000000000000e+00 0.000000000000000000e+00 1.000000000000000000e+00 2.500000000000000000e+00 1.183215957000000040e+00
9.819639278999999776e-01 1.000000000000000000e+00 0.000000000000000000e+00 1.000000000000000000e+00 2.500000000000000000e+00 1.183215957000000040e+00
9.839679358999999792e-01 1.000000000000000000e+00 0.000000000000000000e+00 1.000000000000000000e+00 2.500000000000000000e+00 1.183215957000000040e+00
9.859719438999999808e-01 1.000000000000000000e+00 0.000000000000000000e+00 1.000000000000000000e+00 2.500000000000000000e+00 1.183215957000000040e+00
9.879759518999999823e-01 1.000000000000000000e+00 0.000000000000000000e+00 1.000000000000000000e+00 2.500000000000000000e+00 1.183215957000000040e+00
9.899799598999999839e-01 1.000000000000000000e+00 0.000000000000000000e+00 1.000000000000000000e+00 2.500000000000000000e+00 1.183215957000000040e+00
9.919839678999999855e-01 1.000000000000000000e+00 0.000000000000000000e+00 1.000000000000000000e+00 2.500000000000000000e+00 1.183215957000000040e+00
9.939879759999999953e-01 1.000000000000000000e+00 0.000000000000000000e+00 1.000000000000000000e+00 2.500000000000000000e+00 1.183215957000000040e+00
9.959919839999999969e-01 1.000000000000000000e+00 0.000000000000000000e+00 1.000000000000000000e+00 2.500000000000000000e+00 1.183215957000000040e+00
9.979959919999999984e-01 1.000000000000000000e+00 0.000000000000000000e+00 1.000000000000000000e+00 2.500000000000000000e+00 1.183215957000000040e+00
1.000000000000000000e+00 1.000000000000000000e+00 0.000000000000000000e+00 1.000000000000000000e+00 2.500000000000000000e+00 1.183215957000000040e+00
